2 1 13 1
2 1 57 1
2 1 73 1
2 1 170 1
2 1 226 1
2 2 56 1
2 2 67 1
2 2 225 1
2 3 71 1
2 3 81 1
2 3 83 1
2 3 112 1
2 3 124 1
2 3 130 1
2 3 175 1
2 3 176 1
2 3 188 1
2 3 198 1
2 4 27 1
2 4 54 1
2 4 61 1
2 4 69 1
2 4 72 1
2 4 82 1
2 4 84 1
2 4 113 1
2 4 125 1
2 4 175 1
2 4 205 1
2 5 21 1
2 5 52 1
2 5 75 1
2 5 166 1
2 6 22 1
2 6 40 1
2 6 76 1
2 6 167 1
2 6 176 1
2 6 234 1
2 7 11 1
2 7 13 1
2 7 23 1
2 7 41 1
2 7 56 1
2 7 75 1
2 8 12 1
2 8 41 1
2 8 45 1
2 8 56 1
2 8 57 1
2 8 58 1
2 8 68 1
2 8 151 1
2 9 18 1
2 9 19 1
2 9 41 1
2 9 73 1
2 10 17 1
2 10 20 1
2 10 74 1
2 11 7 1
2 11 13 1
2 11 15 1
2 11 41 1
2 11 42 1
2 11 44 1
2 11 50 1
2 11 77 1
2 11 114 1
2 11 160 1
2 11 198 1
2 12 8 1
2 12 14 1
2 12 41 1
2 12 43 1
2 12 45 1
2 12 47 1
2 12 51 1
2 12 77 1
2 12 78 1
2 12 161 1
2 13 1 1
2 13 7 1
2 13 11 1
2 13 21 1
2 13 22 1
2 13 40 1
2 13 44 1
2 13 46 1
2 13 56 1
2 13 77 1
2 13 112 1
2 13 169 1
2 13 179 1
2 14 12 1
2 14 21 1
2 14 40 1
2 14 41 1
2 14 45 1
2 14 178 1
2 14 198 1
2 14 203 1
2 14 223 1
2 15 11 1
2 15 62 1
2 15 160 1
2 15 221 1
2 16 62 1
2 16 63 1
2 16 199 1
2 17 10 1
2 17 40 1
2 17 43 1
2 17 168 1
2 18 9 1
2 18 41 1
2 19 9 1
2 19 21 1
2 19 40 1
2 19 41 1
2 19 77 1
2 19 78 1
2 19 166 1
2 20 10 1
2 20 40 1
2 20 41 1
2 20 43 1
2 20 78 1
2 21 5 1
2 21 13 1
2 21 14 1
2 21 19 1
2 21 73 1
2 21 75 1
2 21 109 1
2 21 166 1
2 21 175 1
2 21 182 1
2 21 219 1
2 22 6 1
2 22 13 1
2 22 61 1
2 22 74 1
2 22 76 1
2 22 109 1
2 22 167 1
2 22 169 1
2 22 179 1
2 22 182 1
2 23 7 1
2 23 61 1
2 24 81 1
2 24 83 1
2 24 151 1
2 24 152 1
2 24 187 1
2 25 82 1
2 25 84 1
2 25 86 1
2 25 152 1
2 27 4 1
2 27 225 1
2 28 54 1
2 28 55 1
2 28 56 1
2 28 109 1
2 28 166 1
2 28 167 1
2 29 57 1
2 29 58 1
2 29 61 1
2 29 87 1
2 29 151 1
2 29 267 1
2 30 55 1
2 30 96 1
2 30 103 1
2 30 268 1
2 31 56 1
2 31 57 1
2 31 61 1
2 31 89 1
2 31 103 1
2 31 268 1
2 31 269 1
2 32 33 1
2 32 54 1
2 32 56 1
2 32 57 1
2 32 89 1
2 32 270 1
2 33 32 1
2 33 56 1
2 33 58 1
2 33 59 1
2 33 104 1
2 33 115 1
2 33 271 1
2 34 56 1
2 34 57 1
2 34 162 1
2 34 272 1
2 35 54 1
2 35 55 1
2 36 54 1
2 36 55 1
2 37 54 1
2 37 55 1
2 37 56 1
2 38 56 1
2 38 57 1
2 38 59 1
2 39 136 1
2 39 137 1
2 39 279 1
2 40 6 1
2 40 13 1
2 40 14 1
2 40 17 1
2 40 19 1
2 40 20 1
2 40 47 1
2 40 167 1
2 41 7 1
2 41 8 1
2 41 9 1
2 41 11 1
2 41 12 1
2 41 14 1
2 41 18 1
2 41 19 1
2 41 20 1
2 41 46 1
2 42 11 1
2 43 12 1
2 43 17 1
2 43 20 1
2 43 76 1
2 44 11 1
2 44 13 1
2 44 59 1
2 45 8 1
2 45 12 1
2 45 14 1
2 45 47 1
2 45 55 1
2 45 58 1
2 46 13 1
2 46 41 1
2 46 50 1
2 46 77 1
2 46 78 1
2 47 12 1
2 47 40 1
2 47 45 1
2 47 78 1
2 48 160 1
2 49 51 1
2 49 114 1
2 49 161 1
2 50 11 1
2 50 46 1
2 51 12 1
2 51 49 1
2 52 5 1
2 52 54 1
2 52 122 1
2 52 168 1
2 52 233 1
2 53 55 1
2 53 61 1
2 53 74 1
2 53 167 1
2 53 169 1
2 53 234 1
2 54 4 1
2 54 28 1
2 54 30 1
2 54 31 1
2 54 32 1
2 54 33 1
2 54 35 1
2 54 36 1
2 54 37 1
2 54 52 1
2 54 56 1
2 54 57 1
2 54 58 1
2 54 59 1
2 54 60 1
2 54 61 1
2 54 80 1
2 54 87 1
2 54 88 1
2 54 89 1
2 54 90 1
2 54 91 1
2 54 92 1
2 54 95 1
2 54 100 1
2 54 112 1
2 54 113 1
2 54 147 1
2 54 150 1
2 54 151 1
2 54 152 1
2 54 157 1
2 54 158 1
2 54 168 1
2 54 204 1
2 54 209 1
2 54 240 1
2 54 241 1
2 54 242 1
2 54 243 1
2 54 244 1
2 54 246 1
2 54 247 1
2 54 272 1
2 55 28 1
2 55 29 1
2 55 30 1
2 55 31 1
2 55 32 1
2 55 33 1
2 55 34 1
2 55 35 1
2 55 36 1
2 55 37 1
2 55 45 1
2 55 53 1
2 55 56 1
2 55 57 1
2 55 58 1
2 55 59 1
2 55 60 1
2 55 64 1
2 55 79 1
2 55 87 1
2 55 88 1
2 55 89 1
2 55 90 1
2 55 91 1
2 55 92 1
2 55 94 1
2 55 98 1
2 55 100 1
2 55 101 1
2 55 128 1
2 55 150 1
2 55 151 1
2 55 158 1
2 55 169 1
2 55 205 1
2 55 207 1
2 55 240 1
2 55 241 1
2 55 242 1
2 55 243 1
2 55 244 1
2 55 246 1
2 55 247 1
2 55 271 1
2 55 277 1
2 56 2 1
2 56 7 1
2 56 8 1
2 56 13 1
2 56 28 1
2 56 31 1
2 56 32 1
2 56 33 1
2 56 34 1
2 56 37 1
2 56 38 1
2 56 54 1
2 56 55 1
2 56 59 1
2 56 60 1
2 56 64 1
2 56 65 1
2 56 68 1
2 56 71 1
2 56 75 1
2 56 112 1
2 56 152 1
2 56 158 1
2 56 210 1
2 56 231 1
2 56 240 1
2 56 245 1
2 56 248 1
2 56 252 1
2 56 264 1
2 57 1 1
2 57 8 1
2 57 29 1
2 57 31 1
2 57 32 1
2 57 33 1
2 57 34 1
2 57 35 1
2 57 38 1
2 57 54 1
2 57 55 1
2 57 63 1
2 57 64 1
2 57 72 1
2 57 91 1
2 57 112 1
2 57 115 1
2 57 151 1
2 57 156 1
2 57 174 1
2 57 179 1
2 57 242 1
2 57 247 1
2 57 269 1
2 58 8 1
2 58 29 1
2 58 33 1
2 58 45 1
2 58 54 1
2 58 55 1
2 58 88 1
2 58 89 1
2 58 90 1
2 58 94 1
2 58 113 1
2 58 147 1
2 58 206 1
2 58 242 1
2 58 243 1
2 59 33 1
2 59 38 1
2 59 44 1
2 59 54 1
2 59 55 1
2 59 56 1
2 59 64 1
2 59 68 1
2 59 88 1
2 59 89 1
2 59 90 1
2 59 91 1
2 59 95 1
2 59 99 1
2 59 111 1
2 59 150 1
2 59 240 1
2 59 241 1
2 60 54 1
2 60 55 1
2 60 56 1
2 60 67 1
2 60 80 1
2 60 86 1
2 60 89 1
2 60 109 1
2 60 131 1
2 60 156 1
2 60 157 1
2 60 168 1
2 60 169 1
2 60 175 1
2 60 233 1
2 60 241 1
2 61 4 1
2 61 22 1
2 61 23 1
2 61 29 1
2 61 31 1
2 61 53 1
2 61 54 1
2 61 68 1
2 61 79 1
2 61 83 1
2 61 85 1
2 61 88 1
2 61 89 1
2 61 109 1
2 61 130 1
2 61 168 1
2 61 169 1
2 61 176 1
2 61 234 1
2 61 241 1
2 61 243 1
2 62 15 1
2 62 16 1
2 62 63 1
2 62 64 1
2 62 66 1
2 62 68 1
2 62 114 1
2 62 115 1
2 62 251 1
2 62 266 1
2 63 16 1
2 63 57 1
2 63 62 1
2 63 66 1
2 63 67 1
2 63 115 1
2 63 266 1
2 63 277 1
2 64 55 1
2 64 56 1
2 64 57 1
2 64 59 1
2 64 62 1
2 64 140 1
2 64 141 1
2 64 150 1
2 64 157 1
2 64 163 1
2 64 249 1
2 65 56 1
2 65 67 1
2 65 160 1
2 66 62 1
2 66 63 1
2 66 182 1
2 66 265 1
2 67 2 1
2 67 60 1
2 67 65 1
2 67 114 1
2 67 115 1
2 67 151 1
2 67 162 1
2 68 8 1
2 68 56 1
2 68 59 1
2 68 61 1
2 68 62 1
2 68 113 1
2 68 151 1
2 68 152 1
2 68 156 1
2 68 161 1
2 69 4 1
2 69 72 1
2 69 109 1
2 69 138 1
2 69 155 1
2 69 162 1
2 69 163 1
2 69 183 1
2 69 203 1
2 70 81 1
2 70 160 1
2 70 189 1
2 70 219 1
2 71 3 1
2 71 56 1
2 71 88 1
2 71 103 1
2 71 110 1
2 71 115 1
2 71 152 1
2 71 159 1
2 71 206 1
2 72 4 1
2 72 57 1
2 72 69 1
2 72 81 1
2 72 82 1
2 72 152 1
2 73 1 1
2 73 9 1
2 73 21 1
2 74 10 1
2 74 22 1
2 74 53 1
2 74 176 1
2 75 5 1
2 75 7 1
2 75 21 1
2 75 56 1
2 75 114 1
2 75 166 1
2 76 6 1
2 76 22 1
2 76 43 1
2 77 11 1
2 77 12 1
2 77 13 1
2 77 19 1
2 77 46 1
2 77 78 1
2 77 166 1
2 78 12 1
2 78 19 1
2 78 20 1
2 78 46 1
2 78 47 1
2 78 77 1
2 79 55 1
2 79 61 1
2 79 167 1
2 79 168 1
2 79 169 1
2 79 175 1
2 79 176 1
2 80 54 1
2 80 60 1
2 80 166 1
2 80 168 1
2 80 175 1
2 81 3 1
2 81 24 1
2 81 70 1
2 81 72 1
2 81 156 1
2 82 4 1
2 82 25 1
2 82 72 1
2 82 84 1
2 82 115 1
2 82 151 1
2 82 156 1
2 82 157 1
2 83 3 1
2 83 24 1
2 83 61 1
2 83 170 1
2 83 171 1
2 83 177 1
2 83 190 1
2 83 198 1
2 83 201 1
2 83 212 1
2 83 231 1
2 84 4 1
2 84 25 1
2 84 82 1
2 84 131 1
2 84 177 1
2 84 199 1
2 84 211 1
2 84 232 1
2 85 61 1
2 85 170 1
2 85 177 1
2 85 213 1
2 86 25 1
2 86 60 1
2 86 121 1
2 86 131 1
2 86 171 1
2 86 177 1
2 87 54 1
2 87 55 1
2 87 103 1
2 87 267 1
2 87 268 1
2 88 54 1
2 88 58 1
2 88 59 1
2 88 61 1
2 88 71 1
2 88 103 1
2 88 151 1
2 88 267 1
2 88 268 1
2 88 269 1
2 89 32 1
2 89 54 1
2 89 55 1
2 89 58 1
2 89 59 1
2 89 60 1
2 89 61 1
2 89 90 1
2 89 98 1
2 89 104 1
2 89 269 1
2 89 270 1
2 90 54 1
2 90 55 1
2 90 58 1
2 90 59 1
2 90 89 1
2 90 98 1
2 90 104 1
2 90 270 1
2 90 271 1
2 91 54 1
2 91 59 1
2 91 99 1
2 91 271 1
2 91 272 1
2 92 55 1
2 92 270 1
2 92 271 1
2 92 272 1
2 94 55 1
2 94 58 1
2 94 110 1
2 95 54 1
2 95 59 1
2 95 108 1
2 95 162 1
2 95 250 1
2 95 279 1
2 96 29 1
2 96 30 1
2 96 31 1
2 96 103 1
2 96 267 1
2 96 268 1
2 96 269 1
2 97 89 1
2 97 104 1
2 97 162 1
2 97 269 1
2 97 270 1
2 97 271 1
2 98 32 1
2 98 33 1
2 98 104 1
2 98 105 1
2 98 109 1
2 98 151 1
2 98 152 1
2 98 162 1
2 98 270 1
2 98 271 1
2 98 272 1
2 99 59 1
2 99 105 1
2 99 109 1
2 99 151 1
2 99 272 1
2 100 54 1
2 101 55 1
2 101 109 1
2 101 151 1
2 101 152 1
2 102 109 1
2 102 151 1
2 102 279 1
2 103 71 1
2 103 87 1
2 103 88 1
2 103 96 1
2 103 172 1
2 103 241 1
2 103 252 1
2 103 262 1
2 103 263 1
2 103 264 1
2 103 268 1
2 104 89 1
2 104 97 1
2 104 172 1
2 104 253 1
2 104 254 1
2 104 262 1
2 104 269 1
2 104 270 1
2 105 157 1
2 105 243 1
2 105 244 1
2 105 254 1
2 105 255 1
2 105 262 1
2 105 263 1
2 105 264 1
2 106 246 1
2 106 264 1
2 107 247 1
2 107 258 1
2 107 259 1
2 107 275 1
2 107 276 1
2 108 261 1
2 109 21 1
2 109 22 1
2 109 28 1
2 109 60 1
2 109 61 1
2 109 69 1
2 109 98 1
2 109 99 1
2 109 101 1
2 109 102 1
2 109 138 1
2 109 139 1
2 109 141 1
2 109 144 1
2 109 145 1
2 109 154 1
2 109 155 1
2 109 162 1
2 109 166 1
2 109 167 1
2 110 71 1
2 110 94 1
2 110 158 1
2 111 59 1
2 111 159 1
2 111 163 1
2 111 175 1
2 111 262 1
2 111 263 1
2 111 264 1
2 111 266 1
2 112 3 1
2 112 13 1
2 112 54 1
2 112 56 1
2 112 57 1
2 113 4 1
2 113 54 1
2 113 58 1
2 113 68 1
2 113 251 1
2 114 11 1
2 114 49 1
2 114 62 1
2 114 67 1
2 114 75 1
2 114 115 1
2 114 146 1
2 114 266 1
2 115 33 1
2 115 57 1
2 115 62 1
2 115 63 1
2 115 67 1
2 115 71 1
2 115 82 1
2 115 114 1
2 115 147 1
2 115 157 1
2 115 161 1
2 115 174 1
2 115 206 1
2 115 263 1
2 115 264 1
2 115 270 1
2 116 118 1
2 116 162 1
2 117 119 1
2 118 116 1
2 119 117 1
2 119 188 1
2 120 134 1
2 121 86 1
2 121 181 1
2 122 52 1
2 122 227 1
2 124 3 1
2 124 132 1
2 124 134 1
2 124 188 1
2 125 4 1
2 125 131 1
2 125 135 1
2 125 188 1
2 125 232 1
2 126 193 1
2 127 135 1
2 127 177 1
2 127 181 1
2 128 55 1
2 129 162 1
2 130 3 1
2 130 61 1
2 130 188 1
2 130 203 1
2 130 223 1
2 130 224 1
2 130 226 1
2 131 60 1
2 131 84 1
2 131 86 1
2 131 125 1
2 131 169 1
2 131 188 1
2 131 224 1
2 131 225 1
2 131 226 1
2 131 266 1
2 132 124 1
2 132 171 1
2 132 177 1
2 132 180 1
2 132 181 1
2 132 187 1
2 133 170 1
2 133 180 1
2 133 181 1
2 133 186 1
2 134 120 1
2 134 124 1
2 134 170 1
2 134 191 1
2 135 125 1
2 135 127 1
2 135 171 1
2 136 39 1
2 137 39 1
2 137 279 1
2 138 69 1
2 138 109 1
2 138 155 1
2 138 247 1
2 138 277 1
2 139 109 1
2 139 151 1
2 139 152 1
2 139 155 1
2 140 64 1
2 140 141 1
2 141 64 1
2 141 109 1
2 141 140 1
2 144 109 1
2 145 109 1
2 146 114 1
2 147 54 1
2 147 58 1
2 147 115 1
2 148 221 1
2 149 222 1
2 150 54 1
2 150 55 1
2 150 59 1
2 150 64 1
2 151 8 1
2 151 24 1
2 151 29 1
2 151 54 1
2 151 55 1
2 151 57 1
2 151 67 1
2 151 68 1
2 151 82 1
2 151 88 1
2 151 91 1
2 151 97 1
2 151 98 1
2 151 99 1
2 151 100 1
2 151 101 1
2 151 102 1
2 151 139 1
2 151 152 1
2 151 154 1
2 151 155 1
2 151 157 1
2 151 172 1
2 151 183 1
2 151 253 1
2 151 254 1
2 151 255 1
2 151 256 1
2 151 258 1
2 151 260 1
2 151 261 1
2 152 24 1
2 152 25 1
2 152 30 1
2 152 54 1
2 152 56 1
2 152 68 1
2 152 71 1
2 152 72 1
2 152 97 1
2 152 98 1
2 152 99 1
2 152 100 1
2 152 101 1
2 152 139 1
2 152 151 1
2 152 158 1
2 152 159 1
2 152 162 1
2 152 172 1
2 152 254 1
2 152 256 1
2 152 257 1
2 152 258 1
2 152 260 1
2 152 279 1
2 153 107 1
2 153 276 1
2 154 109 1
2 154 151 1
2 154 247 1
2 155 69 1
2 155 109 1
2 155 138 1
2 155 139 1
2 155 151 1
2 156 57 1
2 156 60 1
2 156 68 1
2 156 81 1
2 156 82 1
2 156 163 1
2 157 54 1
2 157 60 1
2 157 64 1
2 157 82 1
2 157 105 1
2 157 115 1
2 157 151 1
2 157 263 1
2 157 264 1
2 157 272 1
2 157 273 1
2 158 54 1
2 158 55 1
2 158 56 1
2 158 110 1
2 158 152 1
2 158 175 1
2 159 71 1
2 159 111 1
2 159 152 1
2 159 167 1
2 159 264 1
2 160 11 1
2 160 15 1
2 160 48 1
2 160 65 1
2 160 70 1
2 161 12 1
2 161 49 1
2 161 68 1
2 161 115 1
2 161 263 1
2 161 264 1
2 162 34 1
2 162 67 1
2 162 69 1
2 162 95 1
2 162 97 1
2 162 98 1
2 162 109 1
2 162 116 1
2 162 129 1
2 162 152 1
2 162 225 1
2 163 64 1
2 163 69 1
2 163 111 1
2 163 156 1
2 163 165 1
2 163 177 1
2 163 197 1
2 163 247 1
2 163 262 1
2 163 263 1
2 163 266 1
2 165 163 1
2 166 5 1
2 166 19 1
2 166 21 1
2 166 28 1
2 166 75 1
2 166 77 1
2 166 80 1
2 166 109 1
2 166 168 1
2 166 177 1
2 166 182 1
2 166 185 1
2 166 186 1
2 166 188 1
2 166 189 1
2 166 190 1
2 166 191 1
2 166 223 1
2 166 224 1
2 166 225 1
2 166 226 1
2 166 233 1
2 167 6 1
2 167 22 1
2 167 28 1
2 167 40 1
2 167 53 1
2 167 79 1
2 167 109 1
2 167 159 1
2 167 184 1
2 167 185 1
2 167 186 1
2 167 187 1
2 167 188 1
2 167 189 1
2 167 191 1
2 167 223 1
2 167 224 1
2 167 225 1
2 167 226 1
2 168 17 1
2 168 52 1
2 168 54 1
2 168 60 1
2 168 61 1
2 168 79 1
2 168 80 1
2 168 166 1
2 168 175 1
2 168 178 1
2 169 13 1
2 169 22 1
2 169 53 1
2 169 55 1
2 169 60 1
2 169 61 1
2 169 79 1
2 169 131 1
2 169 176 1
2 170 1 1
2 170 83 1
2 170 85 1
2 170 133 1
2 170 134 1
2 170 179 1
2 170 185 1
2 170 233 1
2 171 83 1
2 171 86 1
2 171 132 1
2 171 135 1
2 171 231 1
2 171 232 1
2 172 92 1
2 172 103 1
2 172 104 1
2 172 105 1
2 172 151 1
2 172 152 1
2 172 271 1
2 172 279 1
2 174 57 1
2 174 115 1
2 175 3 1
2 175 4 1
2 175 21 1
2 175 60 1
2 175 79 1
2 175 80 1
2 175 111 1
2 175 158 1
2 175 168 1
2 175 182 1
2 175 233 1
2 176 3 1
2 176 6 1
2 176 61 1
2 176 74 1
2 176 79 1
2 176 169 1
2 176 182 1
2 176 196 1
2 176 234 1
2 177 83 1
2 177 84 1
2 177 85 1
2 177 86 1
2 177 127 1
2 177 132 1
2 177 163 1
2 177 166 1
2 177 180 1
2 177 181 1
2 178 14 1
2 178 168 1
2 178 202 1
2 178 203 1
2 178 205 1
2 178 224 1
2 179 13 1
2 179 22 1
2 179 57 1
2 179 170 1
2 179 183 1
2 179 188 1
2 179 189 1
2 179 202 1
2 179 203 1
2 179 204 1
2 180 132 1
2 180 133 1
2 180 177 1
2 181 121 1
2 181 127 1
2 181 132 1
2 181 133 1
2 181 177 1
2 182 21 1
2 182 22 1
2 182 66 1
2 182 166 1
2 182 175 1
2 182 176 1
2 182 234 1
2 183 69 1
2 183 151 1
2 183 179 1
2 183 189 1
2 183 209 1
2 184 167 1
2 184 203 1
2 185 166 1
2 185 167 1
2 185 170 1
2 185 195 1
2 185 202 1
2 186 133 1
2 186 166 1
2 186 167 1
2 186 189 1
2 186 191 1
2 186 226 1
2 187 24 1
2 187 132 1
2 187 167 1
2 187 188 1
2 187 190 1
2 187 235 1
2 188 3 1
2 188 119 1
2 188 124 1
2 188 125 1
2 188 130 1
2 188 131 1
2 188 166 1
2 188 167 1
2 188 179 1
2 188 187 1
2 189 70 1
2 189 166 1
2 189 167 1
2 189 179 1
2 189 183 1
2 189 186 1
2 189 198 1
2 190 83 1
2 190 166 1
2 190 187 1
2 190 235 1
2 190 238 1
2 191 134 1
2 191 166 1
2 191 167 1
2 191 186 1
2 191 236 1
2 193 126 1
2 195 185 1
2 195 221 1
2 195 224 1
2 196 176 1
2 197 163 1
2 198 3 1
2 198 11 1
2 198 14 1
2 198 83 1
2 198 189 1
2 198 203 1
2 198 221 1
2 198 233 1
2 199 16 1
2 199 84 1
2 199 202 1
2 199 234 1
2 201 83 1
2 202 178 1
2 202 179 1
2 202 185 1
2 202 199 1
2 202 221 1
2 202 251 1
2 203 14 1
2 203 69 1
2 203 130 1
2 203 178 1
2 203 179 1
2 203 184 1
2 203 198 1
2 203 222 1
2 203 251 1
2 204 54 1
2 204 179 1
2 204 220 1
2 205 4 1
2 205 55 1
2 205 178 1
2 205 219 1
2 206 58 1
2 206 115 1
2 206 240 1
2 206 251 1
2 207 55 1
2 209 54 1
2 209 183 1
2 210 56 1
2 211 84 1
2 212 83 1
2 213 85 1
2 219 21 1
2 219 70 1
2 219 205 1
2 220 204 1
2 221 15 1
2 221 148 1
2 221 195 1
2 221 198 1
2 221 202 1
2 222 149 1
2 222 203 1
2 223 14 1
2 223 130 1
2 223 166 1
2 223 167 1
2 223 236 1
2 224 130 1
2 224 131 1
2 224 166 1
2 224 167 1
2 224 178 1
2 224 195 1
2 224 235 1
2 225 2 1
2 225 27 1
2 225 131 1
2 225 162 1
2 225 166 1
2 225 167 1
2 226 1 1
2 226 130 1
2 226 131 1
2 226 166 1
2 226 167 1
2 226 186 1
2 226 237 1
2 227 122 1
2 231 56 1
2 231 83 1
2 231 171 1
2 231 233 1
2 231 266 1
2 232 84 1
2 232 125 1
2 232 171 1
2 232 234 1
2 233 52 1
2 233 60 1
2 233 166 1
2 233 170 1
2 233 175 1
2 233 198 1
2 233 231 1
2 234 6 1
2 234 53 1
2 234 61 1
2 234 176 1
2 234 182 1
2 234 199 1
2 234 232 1
2 235 187 1
2 235 190 1
2 235 224 1
2 236 191 1
2 236 223 1
2 237 226 1
2 238 190 1
2 239 103 1
2 239 267 1
2 240 54 1
2 240 55 1
2 240 56 1
2 240 59 1
2 240 103 1
2 240 206 1
2 240 241 1
2 240 251 1
2 240 267 1
2 240 268 1
2 241 55 1
2 241 59 1
2 241 60 1
2 241 61 1
2 241 103 1
2 241 104 1
2 241 240 1
2 241 242 1
2 241 268 1
2 241 269 1
2 242 58 1
2 242 104 1
2 242 253 1
2 242 270 1
2 243 58 1
2 243 61 1
2 243 104 1
2 243 105 1
2 243 271 1
2 244 105 1
2 244 255 1
2 244 271 1
2 244 272 1
2 245 56 1
2 245 105 1
2 245 106 1
2 245 273 1
2 246 54 1
2 246 55 1
2 246 106 1
2 246 247 1
2 246 256 1
2 246 258 1
2 246 273 1
2 246 274 1
2 247 54 1
2 247 55 1
2 247 57 1
2 247 106 1
2 247 107 1
2 247 138 1
2 247 163 1
2 247 246 1
2 247 258 1
2 247 275 1
2 248 56 1
2 249 64 1
2 249 108 1
2 249 157 1
2 249 260 1
2 249 277 1
2 249 278 1
2 250 39 1
2 250 94 1
2 250 95 1
2 250 102 1
2 250 108 1
2 250 128 1
2 250 151 1
2 250 152 1
2 250 249 1
2 250 278 1
2 250 279 1
2 251 62 1
2 251 202 1
2 251 203 1
2 251 206 1
2 251 239 1
2 251 241 1
2 251 267 1
2 251 268 1
2 252 56 1
2 252 103 1
2 252 104 1
2 252 240 1
2 252 263 1
2 252 268 1
2 252 269 1
2 253 104 1
2 253 242 1
2 254 104 1
2 254 105 1
2 254 152 1
2 255 105 1
2 255 151 1
2 255 272 1
2 256 106 1
2 256 152 1
2 256 246 1
2 256 257 1
2 256 272 1
2 256 273 1
2 257 106 1
2 257 256 1
2 258 107 1
2 258 246 1
2 258 247 1
2 258 259 1
2 258 275 1
2 258 276 1
2 259 107 1
2 259 258 1
2 259 276 1
2 260 108 1
2 260 151 1
2 260 152 1
2 260 163 1
2 260 277 1
2 260 278 1
2 261 108 1
2 261 152 1
2 261 250 1
2 262 103 1
2 262 104 1
2 262 105 1
2 262 111 1
2 262 163 1
2 262 263 1
2 262 264 1
2 262 265 1
2 262 267 1
2 262 268 1
2 262 269 1
2 262 270 1
2 262 271 1
2 262 272 1
2 263 99 1
2 263 103 1
2 263 104 1
2 263 105 1
2 263 111 1
2 263 115 1
2 263 152 1
2 263 157 1
2 263 161 1
2 263 163 1
2 263 262 1
2 263 264 1
2 263 267 1
2 263 268 1
2 263 270 1
2 263 271 1
2 263 272 1
2 264 56 1
2 264 103 1
2 264 104 1
2 264 105 1
2 264 106 1
2 264 111 1
2 264 115 1
2 264 157 1
2 264 159 1
2 264 161 1
2 264 262 1
2 264 263 1
2 264 265 1
2 264 266 1
2 264 267 1
2 264 268 1
2 264 269 1
2 264 270 1
2 264 271 1
2 264 272 1
2 264 273 1
2 265 56 1
2 265 66 1
2 265 262 1
2 265 264 1
2 265 266 1
2 266 62 1
2 266 63 1
2 266 111 1
2 266 114 1
2 266 131 1
2 266 163 1
2 266 231 1
2 266 264 1
2 266 265 1
2 267 29 1
2 267 87 1
2 267 88 1
2 267 96 1
2 267 103 1
2 267 239 1
2 267 262 1
2 268 30 1
2 268 88 1
2 268 96 1
2 268 103 1
2 268 240 1
2 268 251 1
2 268 252 1
2 268 262 1
2 268 263 1
2 268 264 1
2 269 31 1
2 269 57 1
2 269 88 1
2 269 89 1
2 269 97 1
2 269 241 1
2 269 252 1
2 270 32 1
2 270 92 1
2 270 97 1
2 270 104 1
2 270 115 1
2 270 263 1
2 271 33 1
2 271 55 1
2 271 90 1
2 271 92 1
2 271 98 1
2 271 243 1
2 271 254 1
2 271 262 1
2 271 264 1
2 272 34 1
2 272 54 1
2 272 91 1
2 272 98 1
2 272 99 1
2 272 157 1
2 272 244 1
2 272 255 1
2 272 256 1
2 272 263 1
2 272 264 1
2 273 157 1
2 274 106 1
2 274 246 1
2 275 107 1
2 275 247 1
2 275 258 1
2 276 107 1
2 276 258 1
2 276 259 1
2 277 55 1
2 277 63 1
2 277 138 1
2 277 249 1
2 277 260 1
2 278 249 1
2 278 250 1
2 278 260 1
2 278 261 1
2 279 55 1
2 279 95 1
2 279 102 1
2 279 152 1
2 279 172 1
2 279 250 1